[gd_scene load_steps=9 format=2]

[ext_resource path="res://HexGrid/HexGrid.tscn" type="PackedScene" id=1]
[ext_resource path="res://Main.gd" type="Script" id=2]
[ext_resource path="res://Experience/ExperienceSentinel.tscn" type="PackedScene" id=3]
[ext_resource path="res://Enemy/Spawner.gd" type="Script" id=4]
[ext_resource path="res://UI/UI.tscn" type="PackedScene" id=5]

[sub_resource type="SpatialMaterial" id=10]
resource_local_to_scene = true
params_diffuse_mode = 4
params_specular_mode = 3
albedo_color = Color( 1, 0.847059, 0.721569, 1 )
roughness = 0.0

[sub_resource type="PlaneMesh" id=1]
material = SubResource( 10 )

[sub_resource type="BoxShape" id=3]
extents = Vector3( 1, 0.2, 1 )

[node name="Node2D" type="Spatial"]
script = ExtResource( 2 )

[node name="DirectionalLight" type="DirectionalLight" parent="."]
transform = Transform( 1, 0, 0, 0, -4.37114e-08, 1, 0, -1, -4.37114e-08, 0, 30, 30 )
light_energy = 0.2
shadow_enabled = true
shadow_color = Color( 0.6, 0.6, 0.6, 1 )

[node name="Camera" type="Camera" parent="."]
transform = Transform( 1, 0, 0, 0, 0.707107, 0.707107, 0, -0.707107, 0.707107, 0, 30, 30 )
projection = 1
fov = 50.0
size = 50.0

[node name="UI" parent="." instance=ExtResource( 5 )]
transform = Transform( 1, 0, 0, 0, 0.707107, 0.707107, 0, -0.707107, 0.707107, 23.0206, 21.8415, 21.8415 )

[node name="StaticBody" type="StaticBody" parent="."]
transform = Transform( 60, 0, 0, 0, 60, 0, 0, 0, 60, 0, 0, 0 )

[node name="BackgroundPlane" type="MeshInstance" parent="StaticBody"]
transform = Transform( 5.97065, 0, 0, 0, 0.999999, 0, 0, 0, 5.97065, 0, -0.0157749, 0 )
mesh = SubResource( 1 )
skeleton = NodePath("")
material/0 = null

[node name="CollisionShape" type="CollisionShape" parent="StaticBody"]
transform = Transform( 1, 0, 0, 0, 1, 0, 0, 0, 1, 0, -0.2, 0 )
shape = SubResource( 3 )

[node name="HexGrid" parent="." instance=ExtResource( 1 )]

[node name="Spawner" type="Spatial" parent="."]
script = ExtResource( 4 )

[node name="SpotLight2" type="SpotLight" parent="."]
transform = Transform( 0.78917, -0.285238, -0.543921, 0, 0.885613, -0.464425, 0.614175, 0.36651, 0.698899, -60.9856, 0, 60.1577 )
light_color = Color( 0.733333, 0.415686, 1, 1 )
light_energy = 0.3
spot_range = 156.451

[node name="SpotLight3" type="SpotLight" parent="."]
transform = Transform( 0.78917, 0.285238, 0.543921, 0, 0.885613, -0.464425, -0.614175, 0.36651, 0.698899, 66.5403, 0, 59.9175 )
light_color = Color( 1, 0.25098, 0.25098, 1 )
light_energy = 0.5
spot_range = 127.106

[node name="SpotLight" type="SpotLight" parent="."]
transform = Transform( 1, 0, 0, 0, -0.661639, 0.749822, 0, -0.749822, -0.661639, 0, 49.2606, -58.0221 )
light_color = Color( 0.0901961, 0.701961, 0.156863, 1 )
spot_range = 110.107

[node name="Spatial2" parent="." instance=ExtResource( 3 )]
transform = Transform( 0.4, 0, 0, 0, 0.4, 0, 0, 0, 0.4, 0, 1, 0 )
