[gd_scene load_steps=11 format=2]

[ext_resource path="res://HexGrid/HexGrid.tscn" type="PackedScene" id=1]
[ext_resource path="res://Main.gd" type="Script" id=2]
[ext_resource path="res://CustomEnv.tres" type="Environment" id=3]
[ext_resource path="res://Enemy/Spawner.gd" type="Script" id=4]
[ext_resource path="res://MainTower/MainTower.tscn" type="PackedScene" id=7]

[sub_resource type="SpatialMaterial" id=9]
resource_local_to_scene = true
params_diffuse_mode = 4
params_specular_mode = 3
albedo_color = Color( 0.678431, 0, 0.266667, 1 )
roughness = 0.0

[sub_resource type="CapsuleMesh" id=4]
material = SubResource( 9 )

[sub_resource type="PlaneMesh" id=1]

[sub_resource type="SpatialMaterial" id=2]
params_diffuse_mode = 4
params_specular_mode = 3
albedo_color = Color( 0, 0, 0, 1 )
roughness = 0.0

[sub_resource type="BoxShape" id=3]
extents = Vector3( 1, 0.2, 1 )

[node name="Node2D" type="ViewportContainer"]
script = ExtResource( 2 )

[node name="Viewport" type="Viewport" parent="."]
size = Vector2( 960, 540 )
handle_input_locally = false
render_target_update_mode = 3

[node name="DirectionalLight" type="DirectionalLight" parent="Viewport"]
transform = Transform( 1, 0, 0, 0, -4.37114e-08, 1, 0, -1, -4.37114e-08, 0, 30, 30 )
light_energy = 0.2
shadow_enabled = true
shadow_color = Color( 0.6, 0.6, 0.6, 1 )

[node name="Camera" type="Camera" parent="Viewport"]
transform = Transform( 1, 0, 0, 0, 0.707107, 0.707107, 0, -0.707107, 0.707107, 0, 30, 30 )
projection = 1
fov = 50.0
size = 50.0

[node name="MainTower" parent="Viewport" instance=ExtResource( 7 )]
transform = Transform( 1, 0, 0, 0, 1, 0, 0, 0, 1, 0, 4, 0 )
mesh = SubResource( 4 )
skeleton = NodePath("")

[node name="StaticBody" type="StaticBody" parent="Viewport"]
transform = Transform( 60, 0, 0, 0, 60, 0, 0, 0, 60, 0, 0, 0 )

[node name="BackgroundPlane" type="MeshInstance" parent="Viewport/StaticBody"]
transform = Transform( 5.97065, 0, 0, 0, 0.999999, 0, 0, 0, 5.97065, 0, -0.122808, 0 )
mesh = SubResource( 1 )
skeleton = NodePath("")
material/0 = SubResource( 2 )

[node name="CollisionShape" type="CollisionShape" parent="Viewport/StaticBody"]
transform = Transform( 1, 0, 0, 0, 1, 0, 0, 0, 1, 0, -0.2, 0 )
shape = SubResource( 3 )

[node name="HexGrid" parent="Viewport" instance=ExtResource( 1 )]

[node name="Spawner" type="Spatial" parent="Viewport"]
script = ExtResource( 4 )

[node name="WorldEnvironment" type="WorldEnvironment" parent="Viewport"]
environment = ExtResource( 3 )

[node name="SpotLight2" type="SpotLight" parent="Viewport"]
transform = Transform( 0.78917, -0.285238, -0.543921, 0, 0.885613, -0.464425, 0.614175, 0.36651, 0.698899, -21.524, 0, 32.9498 )
light_color = Color( 0.733333, 0.415686, 1, 1 )
light_energy = 0.5
spot_range = 46.5667

[node name="SpotLight3" type="SpotLight" parent="Viewport"]
transform = Transform( 0.78917, 0.285238, 0.543921, 0, 0.885613, -0.464425, -0.614175, 0.36651, 0.698899, 26.3478, 0, 32.9498 )
light_color = Color( 1, 0.415686, 0.415686, 1 )
light_energy = 0.5
spot_range = 46.5667
